183 183
5.181348e-02 5.181348e-02 5.181082e-02 5.180816e-02 5.178962e-02 5.173972e-02 5.164371e-02 5.148805e-02 5.126060e-02 5.095102e-02 5.055099e-02 5.005441e-02 4.945756e-02 4.875921e-02 4.796058e-02 4.706541e-02 4.607978e-02 4.501203e-02 4.387249e-02 4.267329e-02 4.142799e-02 4.015133e-02 3.885878e-02 3.756624e-02 3.628958e-02 3.504428e-02 3.384507e-02 3.270554e-02 3.163778e-02 3.065216e-02 2.975699e-02 2.895836e-02 2.826000e-02 2.766316e-02 2.716658e-02 2.676655e-02 2.645697e-02 2.622952e-02 2.607385e-02 2.597785e-02 2.592794e-02 2.590674e-02 2.590674e-02 2.590674e-02 2.590674e-02 2.590674e-02 2.590674e-02 2.590674e-02 2.590674e-02 2.590674e-02 2.590674e-02 2.590674e-02 2.590674e-02 2.590674e-02 2.590674e-02 2.590674e-02 2.590674e-02 2.590674e-02 2.590674e-02 2.590674e-02 2.590674e-02 2.590674e-02 2.590674e-02 2.590674e-02 2.590674e-02 2.590674e-02 2.590674e-02 2.590674e-02 2.590674e-02 2.590674e-02 2.590674e-02 2.590674e-02 2.590674e-02 2.590674e-02 2.590674e-02 2.590674e-02 2.590674e-02 2.590674e-02 2.590674e-02 2.590674e-02 2.590674e-02 2.590674e-02 2.590674e-02 2.590674e-02 2.590674e-02 2.590674e-02 2.590674e-02 2.590674e-02 2.590674e-02 2.590674e-02 2.590674e-02 2.590674e-02 2.590674e-02 2.590674e-02 2.590674e-02 2.590674e-02 2.590674e-02 2.590674e-02 2.590674e-02 2.590674e-02 2.590674e-02 2.590674e-02 2.590674e-02 2.590674e-02 2.590674e-02 2.590674e-02 2.590674e-02 2.590674e-02 2.590674e-02 2.590674e-02 2.590674e-02 2.590674e-02 2.590674e-02 2.590674e-02 2.590674e-02 2.590674e-02 2.590674e-02 2.590674e-02 2.590674e-02 2.590674e-02 2.590674e-02 2.590674e-02 2.590674e-02 2.590674e-02 2.590674e-02 2.590674e-02 2.590674e-02 2.590674e-02 2.590674e-02 2.590674e-02 2.590674e-02 2.590674e-02 2.590674e-02 2.590674e-02 2.590674e-02 2.590674e-02 2.590674e-02 2.590674e-02 2.590674e-02 2.590674e-02 2.590674e-02 2.590674e-02 2.590674e-02 2.592794e-02 2.597785e-02 2.607385e-02 2.622952e-02 2.645697e-02 2.676655e-02 2.716658e-02 2.766316e-02 2.826000e-02 2.895836e-02 2.975699e-02 3.065216e-02 3.163778e-02 3.270554e-02 3.384507e-02 3.504428e-02 3.628958e-02 3.756624e-02 3.885878e-02 4.015133e-02 4.142799e-02 4.267329e-02 4.387249e-02 4.501203e-02 4.607978e-02 4.706541e-02 4.796058e-02 4.875921e-02 4.945756e-02 5.005441e-02 5.055099e-02 5.095102e-02 5.126060e-02 5.148805e-02 5.164371e-02 5.173972e-02 5.178962e-02 5.180816e-02 5.181082e-02 5.181082e-02 
5.181348e-02 5.181348e-02 5.181082e-02 5.180816e-02 5.178962e-02 5.173972e-02 5.164371e-02 5.148805e-02 5.126060e-02 5.095102e-02 5.055099e-02 5.005441e-02 4.945756e-02 4.875921e-02 4.796058e-02 4.706541e-02 4.607978e-02 4.501203e-02 4.387249e-02 4.267329e-02 4.142799e-02 4.015133e-02 3.885878e-02 3.756624e-02 3.628958e-02 3.504428e-02 3.384507e-02 3.270554e-02 3.163778e-02 3.065216e-02 2.975699e-02 2.895836e-02 2.826000e-02 2.766316e-02 2.716658e-02 2.676655e-02 2.645697e-02 2.622952e-02 2.607385e-02 2.597785e-02 2.592794e-02 2.590674e-02 2.590674e-02 2.590674e-02 2.590674e-02 2.590674e-02 2.590674e-02 2.590674e-02 2.590674e-02 2.590674e-02 2.590674e-02 2.590674e-02 2.590674e-02 2.590674e-02 2.590674e-02 2.590674e-02 2.590674e-02 2.590674e-02 2.590674e-02 2.590674e-02 2.590674e-02 2.590674e-02 2.590674e-02 2.590674e-02 2.590674e-02 2.590674e-02 2.590674e-02 2.590674e-02 2.590674e-02 2.590674e-02 2.590674e-02 2.590674e-02 2.590674e-02 2.590674e-02 2.590674e-02 2.590674e-02 2.590674e-02 2.590674e-02 2.590674e-02 2.590674e-02 2.590674e-02 2.590674e-02 2.590674e-02 2.590674e-02 2.590674e-02 2.590674e-02 2.590674e-02 2.590674e-02 2.590674e-02 2.590674e-02 2.590674e-02 2.590674e-02 2.590674e-02 2.590674e-02 2.590674e-02 2.590674e-02 2.590674e-02 2.590674e-02 2.590674e-02 2.590674e-02 2.590674e-02 2.590674e-02 2.590674e-02 2.590674e-02 2.590674e-02 2.590674e-02 2.590674e-02 2.590674e-02 2.590674e-02 2.590674e-02 2.590674e-02 2.590674e-02 2.590674e-02 2.590674e-02 2.590674e-02 2.590674e-02 2.590674e-02 2.590674e-02 2.590674e-02 2.590674e-02 2.590674e-02 2.590674e-02 2.590674e-02 2.590674e-02 2.590674e-02 2.590674e-02 2.590674e-02 2.590674e-02 2.590674e-02 2.590674e-02 2.590674e-02 2.590674e-02 2.590674e-02 2.590674e-02 2.590674e-02 2.590674e-02 2.590674e-02 2.590674e-02 2.590674e-02 2.590674e-02 2.590674e-02 2.590674e-02 2.590674e-02 2.592794e-02 2.597785e-02 2.607385e-02 2.622952e-02 2.645697e-02 2.676655e-02 2.716658e-02 2.766316e-02 2.826000e-02 2.895836e-02 2.975699e-02 3.065216e-02 3.163778e-02 3.270554e-02 3.384507e-02 3.504428e-02 3.628958e-02 3.756624e-02 3.885878e-02 4.015133e-02 4.142799e-02 4.267329e-02 4.387249e-02 4.501203e-02 4.607978e-02 4.706541e-02 4.796058e-02 4.875921e-02 4.945756e-02 5.005441e-02 5.055099e-02 5.095102e-02 5.126060e-02 5.148805e-02 5.164371e-02 5.173972e-02 5.178962e-02 5.180816e-02 5.181082e-02 5.181082e-02 
5.181082e-02 5.181082e-02 5.180816e-02 5.180550e-02 5.178696e-02 5.173706e-02 5.164105e-02 5.148539e-02 5.125794e-02 5.094836e-02 5.054833e-02 5.005175e-02 4.945491e-02 4.875655e-02 4.795792e-02 4.706275e-02 4.607712e-02 4.500937e-02 4.386983e-02 4.267063e-02 4.142533e-02 4.014867e-02 3.885612e-02 3.756358e-02 3.628692e-02 3.504162e-02 3.384241e-02 3.270288e-02 3.163512e-02 3.064950e-02 2.975433e-02 2.895570e-02 2.825734e-02 2.766050e-02 2.716392e-02 2.676389e-02 2.645431e-02 2.622686e-02 2.607119e-02 2.597519e-02 2.592528e-02 2.590408e-02 2.590408e-02 2.590408e-02 2.590408e-02 2.590408e-02 2.590408e-02 2.590408e-02 2.590408e-02 2.590408e-02 2.590408e-02 2.590408e-02 2.590408e-02 2.590408e-02 2.590408e-02 2.590408e-02 2.590408e-02 2.590408e-02 2.590408e-02 2.590408e-02 2.590408e-02 2.590408e-02 2.590408e-02 2.590408e-02 2.590408e-02 2.590408e-02 2.590408e-02 2.590408e-02 2.590408e-02 2.590408e-02 2.590408e-02 2.590408e-02 2.590408e-02 2.590408e-02 2.590408e-02 2.590408e-02 2.590408e-02 2.590408e-02 2.590408e-02 2.590408e-02 2.590408e-02 2.590408e-02 2.590408e-02 2.590408e-02 2.590408e-02 2.590408e-02 2.590408e-02 2.590408e-02 2.590408e-02 2.590408e-02 2.590408e-02 2.590408e-02 2.590408e-02 2.590408e-02 2.590408e-02 2.590408e-02 2.590408e-02 2.590408e-02 2.590408e-02 2.590408e-02 2.590408e-02 2.590408e-02 2.590408e-02 2.590408e-02 2.590408e-02 2.590408e-02 2.590408e-02 2.590408e-02 2.590408e-02 2.590408e-02 2.590408e-02 2.590408e-02 2.590408e-02 2.590408e-02 2.590408e-02 2.590408e-02 2.590408e-02 2.590408e-02 2.590408e-02 2.590408e-02 2.590408e-02 2.590408e-02 2.590408e-02 2.590408e-02 2.590408e-02 2.590408e-02 2.590408e-02 2.590408e-02 2.590408e-02 2.590408e-02 2.590408e-02 2.590408e-02 2.590408e-02 2.590408e-02 2.590408e-02 2.590408e-02 2.590408e-02 2.590408e-02 2.590408e-02 2.590408e-02 2.590408e-02 2.590408e-02 2.590408e-02 2.592528e-02 2.597519e-02 2.607119e-02 2.622686e-02 2.645431e-02 2.676389e-02 2.716392e-02 2.766050e-02 2.825734e-02 2.895570e-02 2.975433e-02 3.064950e-02 3.163512e-02 3.270288e-02 3.384241e-02 3.504162e-02 3.628692e-02 3.756358e-02 3.885612e-02 4.014867e-02 4.142533e-02 4.267063e-02 4.386983e-02 4.500937e-02 4.607712e-02 4.706275e-02 4.795792e-02 4.875655e-02 4.945491e-02 5.005175e-02 5.054833e-02 5.094836e-02 5.125794e-02 5.148539e-02 5.164105e-02 5.173706e-02 5.178696e-02 5.180550e-02 5.180816e-02 5.180816e-02 
5.180816e-02 5.180816e-02 5.180550e-02 5.180284e-02 5.178430e-02 5.173440e-02 5.163839e-02 5.148273e-02 5.125528e-02 5.094570e-02 5.054567e-02 5.004909e-02 4.945225e-02 4.875389e-02 4.795526e-02 4.706009e-02 4.607446e-02 4.500671e-02 4.386717e-02 4.266797e-02 4.142267e-02 4.014601e-02 3.885346e-02 3.756092e-02 3.628426e-02 3.503896e-02 3.383975e-02 3.270022e-02 3.163246e-02 3.064684e-02 2.975167e-02 2.895304e-02 2.825468e-02 2.765784e-02 2.716126e-02 2.676123e-02 2.645165e-02 2.622420e-02 2.606853e-02 2.597253e-02 2.592262e-02 2.590142e-02 2.590142e-02 2.590142e-02 2.590142e-02 2.590142e-02 2.590142e-02 2.590142e-02 2.590142e-02 2.590142e-02 2.590142e-02 2.590142e-02 2.590142e-02 2.590142e-02 2.590142e-02 2.590142e-02 2.590142e-02 2.590142e-02 2.590142e-02 2.590142e-02 2.590142e-02 2.590142e-02 2.590142e-02 2.590142e-02 2.590142e-02 2.590142e-02 2.590142e-02 2.590142e-02 2.590142e-02 2.590142e-02 2.590142e-02 2.590142e-02 2.590142e-02 2.590142e-02 2.590142e-02 2.590142e-02 2.590142e-02 2.590142e-02 2.590142e-02 2.590142e-02 2.590142e-02 2.590142e-02 2.590142e-02 2.590142e-02 2.590142e-02 2.590142e-02 2.590142e-02 2.590142e-02 2.590142e-02 2.590142e-02 2.590142e-02 2.590142e-02 2.590142e-02 2.590142e-02 2.590142e-02 2.590142e-02 2.590142e-02 2.590142e-02 2.590142e-02 2.590142e-02 2.590142e-02 2.590142e-02 2.590142e-02 2.590142e-02 2.590142e-02 2.590142e-02 2.590142e-02 2.590142e-02 2.590142e-02 2.590142e-02 2.590142e-02 2.590142e-02 2.590142e-02 2.590142e-02 2.590142e-02 2.590142e-02 2.590142e-02 2.590142e-02 2.590142e-02 2.590142e-02 2.590142e-02 2.590142e-02 2.590142e-02 2.590142e-02 2.590142e-02 2.590142e-02 2.590142e-02 2.590142e-02 2.590142e-02 2.590142e-02 2.590142e-02 2.590142e-02 2.590142e-02 2.590142e-02 2.590142e-02 2.590142e-02 2.590142e-02 2.590142e-02 2.590142e-02 2.590142e-02 2.590142e-02 2.590142e-02 2.590142e-02 2.592262e-02 2.597253e-02 2.606853e-02 2.622420e-02 2.645165e-02 2.676123e-02 2.716126e-02 2.765784e-02 2.825468e-02 2.895304e-02 2.975167e-02 3.064684e-02 3.163246e-02 3.270022e-02 3.383975e-02 3.503896e-02 3.628426e-02 3.756092e-02 3.885346e-02 4.014601e-02 4.142267e-02 4.266797e-02 4.386717e-02 4.500671e-02 4.607446e-02 4.706009e-02 4.795526e-02 4.875389e-02 4.945225e-02 5.004909e-02 5.054567e-02 5.094570e-02 5.125528e-02 5.148273e-02 5.163839e-02 5.173440e-02 5.178430e-02 5.180284e-02 5.180550e-02 5.180550e-02 
5.178962e-02 5.178962e-02 5.178696e-02 5.178430e-02 5.176576e-02 5.171585e-02 5.161985e-02 5.146419e-02 5.123674e-02 5.092716e-02 5.052713e-02 5.003055e-02 4.943371e-02 4.873535e-02 4.793672e-02 4.704155e-02 4.605592e-02 4.498817e-02 4.384863e-02 4.264943e-02 4.140413e-02 4.012747e-02 3.883492e-02 3.754238e-02 3.626572e-02 3.502042e-02 3.382121e-02 3.268168e-02 3.161393e-02 3.062830e-02 2.973313e-02 2.893450e-02 2.823614e-02 2.763930e-02 2.714272e-02 2.674269e-02 2.643311e-02 2.620566e-02 2.604999e-02 2.595399e-02 2.590408e-02 2.588288e-02 2.588288e-02 2.588288e-02 2.588288e-02 2.588288e-02 2.588288e-02 2.588288e-02 2.588288e-02 2.588288e-02 2.588288e-02 2.588288e-02 2.588288e-02 2.588288e-02 2.588288e-02 2.588288e-02 2.588288e-02 2.588288e-02 2.588288e-02 2.588288e-02 2.588288e-02 2.588288e-02 2.588288e-02 2.588288e-02 2.588288e-02 2.588288e-02 2.588288e-02 2.588288e-02 2.588288e-02 2.588288e-02 2.588288e-02 2.588288e-02 2.588288e-02 2.588288e-02 2.588288e-02 2.588288e-02 2.588288e-02 2.588288e-02 2.588288e-02 2.588288e-02 2.588288e-02 2.588288e-02 2.588288e-02 2.588288e-02 2.588288e-02 2.588288e-02 2.588288e-02 2.588288e-02 2.588288e-02 2.588288e-02 2.588288e-02 2.588288e-02 2.588288e-02 2.588288e-02 2.588288e-02 2.588288e-02 2.588288e-02 2.588288e-02 2.588288e-02 2.588288e-02 2.588288e-02 2.588288e-02 2.588288e-02 2.588288e-02 2.588288e-02 2.588288e-02 2.588288e-02 2.588288e-02 2.588288e-02 2.588288e-02 2.588288e-02 2.588288e-02 2.588288e-02 2.588288e-02 2.588288e-02 2.588288e-02 2.588288e-02 2.588288e-02 2.588288e-02 2.588288e-02 2.588288e-02 2.588288e-02 2.588288e-02 2.588288e-02 2.588288e-02 2.588288e-02 2.588288e-02 2.588288e-02 2.588288e-02 2.588288e-02 2.588288e-02 2.588288e-02 2.588288e-02 2.588288e-02 2.588288e-02 2.588288e-02 2.588288e-02 2.588288e-02 2.588288e-02 2.588288e-02 2.588288e-02 2.588288e-02 2.588288e-02 2.590408e-02 2.595399e-02 2.604999e-02 2.620566e-02 2.643311e-02 2.674269e-02 2.714272e-02 2.763930e-02 2.823614e-02 2.893450e-02 2.973313e-02 3.062830e-02 3.161393e-02 3.268168e-02 3.382121e-02 3.502042e-02 3.626572e-02 3.754238e-02 3.883492e-02 4.012747e-02 4.140413e-02 4.264943e-02 4.384863e-02 4.498817e-02 4.605592e-02 4.704155e-02 4.793672e-02 4.873535e-02 4.943371e-02 5.003055e-02 5.052713e-02 5.092716e-02 5.123674e-02 5.146419e-02 5.161985e-02 5.171585e-02 5.176576e-02 5.178430e-02 5.178696e-02 5.178696e-02 
5.173972e-02 5.173972e-02 5.173706e-02 5.173440e-02 5.171585e-02 5.166594e-02 5.156995e-02 5.141428e-02 5.118683e-02 5.087725e-02 5.047722e-02 4.998064e-02 4.938380e-02 4.868544e-02 4.788681e-02 4.699164e-02 4.600601e-02 4.493826e-02 4.379872e-02 4.259951e-02 4.135422e-02 4.007756e-02 3.878501e-02 3.749247e-02 3.621580e-02 3.497051e-02 3.377131e-02 3.263177e-02 3.156402e-02 3.057839e-02 2.968322e-02 2.888459e-02 2.818623e-02 2.758938e-02 2.709281e-02 2.669278e-02 2.638320e-02 2.615575e-02 2.600008e-02 2.590408e-02 2.585417e-02 2.583297e-02 2.583297e-02 2.583297e-02 2.583297e-02 2.583297e-02 2.583297e-02 2.583297e-02 2.583297e-02 2.583297e-02 2.583297e-02 2.583297e-02 2.583297e-02 2.583297e-02 2.583297e-02 2.583297e-02 2.583297e-02 2.583297e-02 2.583297e-02 2.583297e-02 2.583297e-02 2.583297e-02 2.583297e-02 2.583297e-02 2.583297e-02 2.583297e-02 2.583297e-02 2.583297e-02 2.583297e-02 2.583297e-02 2.583297e-02 2.583297e-02 2.583297e-02 2.583297e-02 2.583297e-02 2.583297e-02 2.583297e-02 2.583297e-02 2.583297e-02 2.583297e-02 2.583297e-02 2.583297e-02 2.583297e-02 2.583297e-02 2.583297e-02 2.583297e-02 2.583297e-02 2.583297e-02 2.583297e-02 2.583297e-02 2.583297e-02 2.583297e-02 2.583297e-02 2.583297e-02 2.583297e-02 2.583297e-02 2.583297e-02 2.583297e-02 2.583297e-02 2.583297e-02 2.583297e-02 2.583297e-02 2.583297e-02 2.583297e-02 2.583297e-02 2.583297e-02 2.583297e-02 2.583297e-02 2.583297e-02 2.583297e-02 2.583297e-02 2.583297e-02 2.583297e-02 2.583297e-02 2.583297e-02 2.583297e-02 2.583297e-02 2.583297e-02 2.583297e-02 2.583297e-02 2.583297e-02 2.583297e-02 2.583297e-02 2.583297e-02 2.583297e-02 2.583297e-02 2.583297e-02 2.583297e-02 2.583297e-02 2.583297e-02 2.583297e-02 2.583297e-02 2.583297e-02 2.583297e-02 2.583297e-02 2.583297e-02 2.583297e-02 2.583297e-02 2.583297e-02 2.583297e-02 2.583297e-02 2.583297e-02 2.583297e-02 2.585417e-02 2.590408e-02 2.600008e-02 2.615575e-02 2.638320e-02 2.669278e-02 2.709281e-02 2.758938e-02 2.818623e-02 2.888459e-02 2.968322e-02 3.057839e-02 3.156402e-02 3.263177e-02 3.377131e-02 3.497051e-02 3.621580e-02 3.749247e-02 3.878501e-02 4.007756e-02 4.135422e-02 4.259951e-02 4.379872e-02 4.493826e-02 4.600601e-02 4.699164e-02 4.788681e-02 4.868544e-02 4.938380e-02 4.998064e-02 5.047722e-02 5.087725e-02 5.118683e-02 5.141428e-02 5.156995e-02 5.166594e-02 5.171585e-02 5.173440e-02 5.173706e-02 5.173706e-02 
5.164371e-02 5.164371e-02 5.164105e-02 5.163839e-02 5.161985e-02 5.156995e-02 5.147395e-02 5.131828e-02 5.109083e-02 5.078125e-02 5.038122e-02 4.988464e-02 4.928780e-02 4.858944e-02 4.779081e-02 4.689564e-02 4.591001e-02 4.484226e-02 4.370272e-02 4.250352e-02 4.125822e-02 3.998156e-02 3.868901e-02 3.739647e-02 3.611981e-02 3.487451e-02 3.367531e-02 3.253577e-02 3.146802e-02 3.048239e-02 2.958722e-02 2.878859e-02 2.809023e-02 2.749339e-02 2.699681e-02 2.659678e-02 2.628720e-02 2.605975e-02 2.590408e-02 2.580808e-02 2.575817e-02 2.573697e-02 2.573697e-02 2.573697e-02 2.573697e-02 2.573697e-02 2.573697e-02 2.573697e-02 2.573697e-02 2.573697e-02 2.573697e-02 2.573697e-02 2.573697e-02 2.573697e-02 2.573697e-02 2.573697e-02 2.573697e-02 2.573697e-02 2.573697e-02 2.573697e-02 2.573697e-02 2.573697e-02 2.573697e-02 2.573697e-02 2.573697e-02 2.573697e-02 2.573697e-02 2.573697e-02 2.573697e-02 2.573697e-02 2.573697e-02 2.573697e-02 2.573697e-02 2.573697e-02 2.573697e-02 2.573697e-02 2.573697e-02 2.573697e-02 2.573697e-02 2.573697e-02 2.573697e-02 2.573697e-02 2.573697e-02 2.573697e-02 2.573697e-02 2.573697e-02 2.573697e-02 2.573697e-02 2.573697e-02 2.573697e-02 2.573697e-02 2.573697e-02 2.573697e-02 2.573697e-02 2.573697e-02 2.573697e-02 2.573697e-02 2.573697e-02 2.573697e-02 2.573697e-02 2.573697e-02 2.573697e-02 2.573697e-02 2.573697e-02 2.573697e-02 2.573697e-02 2.573697e-02 2.573697e-02 2.573697e-02 2.573697e-02 2.573697e-02 2.573697e-02 2.573697e-02 2.573697e-02 2.573697e-02 2.573697e-02 2.573697e-02 2.573697e-02 2.573697e-02 2.573697e-02 2.573697e-02 2.573697e-02 2.573697e-02 2.573697e-02 2.573697e-02 2.573697e-02 2.573697e-02 2.573697e-02 2.573697e-02 2.573697e-02 2.573697e-02 2.573697e-02 2.573697e-02 2.573697e-02 2.573697e-02 2.573697e-02 2.573697e-02 2.573697e-02 2.573697e-02 2.573697e-02 2.573697e-02 2.573697e-02 2.573697e-02 2.575817e-02 2.580808e-02 2.590408e-02 2.605975e-02 2.628720e-02 2.659678e-02 2.699681e-02 2.749339e-02 2.809023e-02 2.878859e-02 2.958722e-02 3.048239e-02 3.146802e-02 3.253577e-02 3.367531e-02 3.487451e-02 3.611981e-02 3.739647e-02 3.868901e-02 3.998156e-02 4.125822e-02 4.250352e-02 4.370272e-02 4.484226e-02 4.591001e-02 4.689564e-02 4.779081e-02 4.858944e-02 4.928780e-02 4.988464e-02 5.038122e-02 5.078125e-02 5.109083e-02 5.131828e-02 5.147395e-02 5.156995e-02 5.161985e-02 5.163839e-02 5.164105e-02 5.164105e-02 
5.148805e-02 5.148805e-02 5.148539e-02 5.148273e-02 5.146419e-02 5.141428e-02 5.131828e-02 5.116261e-02 5.093516e-02 5.062558e-02 5.022555e-02 4.972897e-02 4.913213e-02 4.843377e-02 4.763514e-02 4.673997e-02 4.575434e-02 4.468659e-02 4.354705e-02 4.234785e-02 4.110255e-02 3.982589e-02 3.853334e-02 3.724080e-02 3.596414e-02 3.471885e-02 3.351964e-02 3.238010e-02 3.131235e-02 3.032672e-02 2.943155e-02 2.863292e-02 2.793456e-02 2.733772e-02 2.684114e-02 2.644111e-02 2.613153e-02 2.590408e-02 2.574841e-02 2.565242e-02 2.560251e-02 2.558131e-02 2.558131e-02 2.558131e-02 2.558131e-02 2.558131e-02 2.558131e-02 2.558131e-02 2.558131e-02 2.558131e-02 2.558131e-02 2.558131e-02 2.558131e-02 2.558131e-02 2.558131e-02 2.558131e-02 2.558131e-02 2.558131e-02 2.558131e-02 2.558131e-02 2.558131e-02 2.558131e-02 2.558131e-02 2.558131e-02 2.558131e-02 2.558131e-02 2.558131e-02 2.558131e-02 2.558131e-02 2.558131e-02 2.558131e-02 2.558131e-02 2.558131e-02 2.558131e-02 2.558131e-02 2.558131e-02 2.558131e-02 2.558131e-02 2.558131e-02 2.558131e-02 2.558131e-02 2.558131e-02 2.558131e-02 2.558131e-02 2.558131e-02 2.558131e-02 2.558131e-02 2.558131e-02 2.558131e-02 2.558131e-02 2.558131e-02 2.558131e-02 2.558131e-02 2.558131e-02 2.558131e-02 2.558131e-02 2.558131e-02 2.558131e-02 2.558131e-02 2.558131e-02 2.558131e-02 2.558131e-02 2.558131e-02 2.558131e-02 2.558131e-02 2.558131e-02 2.558131e-02 2.558131e-02 2.558131e-02 2.558131e-02 2.558131e-02 2.558131e-02 2.558131e-02 2.558131e-02 2.558131e-02 2.558131e-02 2.558131e-02 2.558131e-02 2.558131e-02 2.558131e-02 2.558131e-02 2.558131e-02 2.558131e-02 2.558131e-02 2.558131e-02 2.558131e-02 2.558131e-02 2.558131e-02 2.558131e-02 2.558131e-02 2.558131e-02 2.558131e-02 2.558131e-02 2.558131e-02 2.558131e-02 2.558131e-02 2.558131e-02 2.558131e-02 2.558131e-02 2.558131e-02 2.558131e-02 2.558131e-02 2.558131e-02 2.560251e-02 2.565242e-02 2.574841e-02 2.590408e-02 2.613153e-02 2.644111e-02 2.684114e-02 2.733772e-02 2.793456e-02 2.863292e-02 2.943155e-02 3.032672e-02 3.131235e-02 3.238010e-02 3.351964e-02 3.471885e-02 3.596414e-02 3.724080e-02 3.853334e-02 3.982589e-02 4.110255e-02 4.234785e-02 4.354705e-02 4.468659e-02 4.575434e-02 4.673997e-02 4.763514e-02 4.843377e-02 4.913213e-02 4.972897e-02 5.022555e-02 5.062558e-02 5.093516e-02 5.116261e-02 5.131828e-02 5.141428e-02 5.146419e-02 5.148273e-02 5.148539e-02 5.148539e-02 
5.126060e-02 5.126060e-02 5.125794e-02 5.125528e-02 5.123674e-02 5.118683e-02 5.109083e-02 5.093516e-02 5.070771e-02 5.039813e-02 4.999810e-02 4.950152e-02 4.890468e-02 4.820632e-02 4.740769e-02 4.651252e-02 4.552689e-02 4.445914e-02 4.331961e-02 4.212040e-02 4.087510e-02 3.959844e-02 3.830590e-02 3.701335e-02 3.573669e-02 3.449139e-02 3.329219e-02 3.215265e-02 3.108490e-02 3.009927e-02 2.920410e-02 2.840547e-02 2.770711e-02 2.711027e-02 2.661369e-02 2.621366e-02 2.590408e-02 2.567663e-02 2.552096e-02 2.542497e-02 2.537506e-02 2.535385e-02 2.535385e-02 2.535385e-02 2.535385e-02 2.535385e-02 2.535385e-02 2.535385e-02 2.535385e-02 2.535385e-02 2.535385e-02 2.535385e-02 2.535385e-02 2.535385e-02 2.535385e-02 2.535385e-02 2.535385e-02 2.535385e-02 2.535385e-02 2.535385e-02 2.535385e-02 2.535385e-02 2.535385e-02 2.535385e-02 2.535385e-02 2.535385e-02 2.535385e-02 2.535385e-02 2.535385e-02 2.535385e-02 2.535385e-02 2.535385e-02 2.535385e-02 2.535385e-02 2.535385e-02 2.535385e-02 2.535385e-02 2.535385e-02 2.535385e-02 2.535385e-02 2.535385e-02 2.535385e-02 2.535385e-02 2.535385e-02 2.535385e-02 2.535385e-02 2.535385e-02 2.535385e-02 2.535385e-02 2.535385e-02 2.535385e-02 2.535385e-02 2.535385e-02 2.535385e-02 2.535385e-02 2.535385e-02 2.535385e-02 2.535385e-02 2.535385e-02 2.535385e-02 2.535385e-02 2.535385e-02 2.535385e-02 2.535385e-02 2.535385e-02 2.535385e-02 2.535385e-02 2.535385e-02 2.535385e-02 2.535385e-02 2.535385e-02 2.535385e-02 2.535385e-02 2.535385e-02 2.535385e-02 2.535385e-02 2.535385e-02 2.535385e-02 2.535385e-02 2.535385e-02 2.535385e-02 2.535385e-02 2.535385e-02 2.535385e-02 2.535385e-02 2.535385e-02 2.535385e-02 2.535385e-02 2.535385e-02 2.535385e-02 2.535385e-02 2.535385e-02 2.535385e-02 2.535385e-02 2.535385e-02 2.535385e-02 2.535385e-02 2.535385e-02 2.535385e-02 2.535385e-02 2.535385e-02 2.535385e-02 2.535385e-02 2.537506e-02 2.542497e-02 2.552096e-02 2.567663e-02 2.590408e-02 2.621366e-02 2.661369e-02 2.711027e-02 2.770711e-02 2.840547e-02 2.920410e-02 3.009927e-02 3.108490e-02 3.215265e-02 3.329219e-02 3.449139e-02 3.573669e-02 3.701335e-02 3.830590e-02 3.959844e-02 4.087510e-02 4.212040e-02 4.331961e-02 4.445914e-02 4.552689e-02 4.651252e-02 4.740769e-02 4.820632e-02 4.890468e-02 4.950152e-02 4.999810e-02 5.039813e-02 5.070771e-02 5.093516e-02 5.109083e-02 5.118683e-02 5.123674e-02 5.125528e-02 5.125794e-02 5.125794e-02 
5.095102e-02 5.095102e-02 5.094836e-02 5.094570e-02 5.092716e-02 5.087725e-02 5.078125e-02 5.062558e-02 5.039813e-02 5.008855e-02 4.968852e-02 4.919194e-02 4.859510e-02 4.789674e-02 4.709812e-02 4.620294e-02 4.521732e-02 4.414956e-02 4.301003e-02 4.181082e-02 4.056552e-02 3.928886e-02 3.799632e-02 3.670377e-02 3.542711e-02 3.418181e-02 3.298261e-02 3.184307e-02 3.077532e-02 2.978970e-02 2.889452e-02 2.809589e-02 2.739753e-02 2.680069e-02 2.630411e-02 2.590408e-02 2.559450e-02 2.536705e-02 2.521139e-02 2.511539e-02 2.506548e-02 2.504428e-02 2.504428e-02 2.504428e-02 2.504428e-02 2.504428e-02 2.504428e-02 2.504428e-02 2.504428e-02 2.504428e-02 2.504428e-02 2.504428e-02 2.504428e-02 2.504428e-02 2.504428e-02 2.504428e-02 2.504428e-02 2.504428e-02 2.504428e-02 2.504428e-02 2.504428e-02 2.504428e-02 2.504428e-02 2.504428e-02 2.504428e-02 2.504428e-02 2.504428e-02 2.504428e-02 2.504428e-02 2.504428e-02 2.504428e-02 2.504428e-02 2.504428e-02 2.504428e-02 2.504428e-02 2.504428e-02 2.504428e-02 2.504428e-02 2.504428e-02 2.504428e-02 2.504428e-02 2.504428e-02 2.504428e-02 2.504428e-02 2.504428e-02 2.504428e-02 2.504428e-02 2.504428e-02 2.504428e-02 2.504428e-02 2.504428e-02 2.504428e-02 2.504428e-02 2.504428e-02 2.504428e-02 2.504428e-02 2.504428e-02 2.504428e-02 2.504428e-02 2.504428e-02 2.504428e-02 2.504428e-02 2.504428e-02 2.504428e-02 2.504428e-02 2.504428e-02 2.504428e-02 2.504428e-02 2.504428e-02 2.504428e-02 2.504428e-02 2.504428e-02 2.504428e-02 2.504428e-02 2.504428e-02 2.504428e-02 2.504428e-02 2.504428e-02 2.504428e-02 2.504428e-02 2.504428e-02 2.504428e-02 2.504428e-02 2.504428e-02 2.504428e-02 2.504428e-02 2.504428e-02 2.504428e-02 2.504428e-02 2.504428e-02 2.504428e-02 2.504428e-02 2.504428e-02 2.504428e-02 2.504428e-02 2.504428e-02 2.504428e-02 2.504428e-02 2.504428e-02 2.504428e-02 2.504428e-02 2.504428e-02 2.504428e-02 2.506548e-02 2.511539e-02 2.521139e-02 2.536705e-02 2.559450e-02 2.590408e-02 2.630411e-02 2.680069e-02 2.739753e-02 2.809589e-02 2.889452e-02 2.978970e-02 3.077532e-02 3.184307e-02 3.298261e-02 3.418181e-02 3.542711e-02 3.670377e-02 3.799632e-02 3.928886e-02 4.056552e-02 4.181082e-02 4.301003e-02 4.414956e-02 4.521732e-02 4.620294e-02 4.709812e-02 4.789674e-02 4.859510e-02 4.919194e-02 4.968852e-02 5.008855e-02 5.039813e-02 5.062558e-02 5.078125e-02 5.087725e-02 5.092716e-02 5.094570e-02 5.094836e-02 5.094836e-02 
5.055099e-02 5.055099e-02 5.054833e-02 5.054567e-02 5.052713e-02 5.047722e-02 5.038122e-02 5.022555e-02 4.999810e-02 4.968852e-02 4.928849e-02 4.879192e-02 4.819507e-02 4.749671e-02 4.669809e-02 4.580291e-02 4.481728e-02 4.374953e-02 4.260999e-02 4.141079e-02 4.016550e-02 3.888883e-02 3.759629e-02 3.630374e-02 3.502708e-02 3.378179e-02 3.258258e-02 3.144304e-02 3.037529e-02 2.938966e-02 2.849449e-02 2.769586e-02 2.699750e-02 2.640066e-02 2.590408e-02 2.550405e-02 2.519447e-02 2.496702e-02 2.481136e-02 2.471536e-02 2.466545e-02 2.464425e-02 2.464425e-02 2.464425e-02 2.464425e-02 2.464425e-02 2.464425e-02 2.464425e-02 2.464425e-02 2.464425e-02 2.464425e-02 2.464425e-02 2.464425e-02 2.464425e-02 2.464425e-02 2.464425e-02 2.464425e-02 2.464425e-02 2.464425e-02 2.464425e-02 2.464425e-02 2.464425e-02 2.464425e-02 2.464425e-02 2.464425e-02 2.464425e-02 2.464425e-02 2.464425e-02 2.464425e-02 2.464425e-02 2.464425e-02 2.464425e-02 2.464425e-02 2.464425e-02 2.464425e-02 2.464425e-02 2.464425e-02 2.464425e-02 2.464425e-02 2.464425e-02 2.464425e-02 2.464425e-02 2.464425e-02 2.464425e-02 2.464425e-02 2.464425e-02 2.464425e-02 2.464425e-02 2.464425e-02 2.464425e-02 2.464425e-02 2.464425e-02 2.464425e-02 2.464425e-02 2.464425e-02 2.464425e-02 2.464425e-02 2.464425e-02 2.464425e-02 2.464425e-02 2.464425e-02 2.464425e-02 2.464425e-02 2.464425e-02 2.464425e-02 2.464425e-02 2.464425e-02 2.464425e-02 2.464425e-02 2.464425e-02 2.464425e-02 2.464425e-02 2.464425e-02 2.464425e-02 2.464425e-02 2.464425e-02 2.464425e-02 2.464425e-02 2.464425e-02 2.464425e-02 2.464425e-02 2.464425e-02 2.464425e-02 2.464425e-02 2.464425e-02 2.464425e-02 2.464425e-02 2.464425e-02 2.464425e-02 2.464425e-02 2.464425e-02 2.464425e-02 2.464425e-02 2.464425e-02 2.464425e-02 2.464425e-02 2.464425e-02 2.464425e-02 2.464425e-02 2.464425e-02 2.464425e-02 2.464425e-02 2.464425e-02 2.466545e-02 2.471536e-02 2.481136e-02 2.496702e-02 2.519447e-02 2.550405e-02 2.590408e-02 2.640066e-02 2.699750e-02 2.769586e-02 2.849449e-02 2.938966e-02 3.037529e-02 3.144304e-02 3.258258e-02 3.378179e-02 3.502708e-02 3.630374e-02 3.759629e-02 3.888883e-02 4.016550e-02 4.141079e-02 4.260999e-02 4.374953e-02 4.481728e-02 4.580291e-02 4.669809e-02 4.749671e-02 4.819507e-02 4.879192e-02 4.928849e-02 4.968852e-02 4.999810e-02 5.022555e-02 5.038122e-02 5.047722e-02 5.052713e-02 5.054567e-02 5.054833e-02 5.054833e-02 
5.005441e-02 5.005441e-02 5.005175e-02 5.004909e-02 5.003055e-02 4.998064e-02 4.988464e-02 4.972897e-02 4.950152e-02 4.919194e-02 4.879192e-02 4.829534e-02 4.769849e-02 4.700013e-02 4.620150e-02 4.530633e-02 4.432071e-02 4.325295e-02 4.211342e-02 4.091421e-02 3.966892e-02 3.839225e-02 3.709971e-02 3.580717e-02 3.453050e-02 3.328521e-02 3.208600e-02 3.094647e-02 2.987871e-02 2.889309e-02 2.799791e-02 2.719929e-02 2.650093e-02 2.590408e-02 2.540750e-02 2.500748e-02 2.469790e-02 2.447044e-02 2.431478e-02 2.421878e-02 2.416887e-02 2.414767e-02 2.414767e-02 2.414767e-02 2.414767e-02 2.414767e-02 2.414767e-02 2.414767e-02 2.414767e-02 2.414767e-02 2.414767e-02 2.414767e-02 2.414767e-02 2.414767e-02 2.414767e-02 2.414767e-02 2.414767e-02 2.414767e-02 2.414767e-02 2.414767e-02 2.414767e-02 2.414767e-02 2.414767e-02 2.414767e-02 2.414767e-02 2.414767e-02 2.414767e-02 2.414767e-02 2.414767e-02 2.414767e-02 2.414767e-02 2.414767e-02 2.414767e-02 2.414767e-02 2.414767e-02 2.414767e-02 2.414767e-02 2.414767e-02 2.414767e-02 2.414767e-02 2.414767e-02 2.414767e-02 2.414767e-02 2.414767e-02 2.414767e-02 2.414767e-02 2.414767e-02 2.414767e-02 2.414767e-02 2.414767e-02 2.414767e-02 2.414767e-02 2.414767e-02 2.414767e-02 2.414767e-02 2.414767e-02 2.414767e-02 2.414767e-02 2.414767e-02 2.414767e-02 2.414767e-02 2.414767e-02 2.414767e-02 2.414767e-02 2.414767e-02 2.414767e-02 2.414767e-02 2.414767e-02 2.414767e-02 2.414767e-02 2.414767e-02 2.414767e-02 2.414767e-02 2.414767e-02 2.414767e-02 2.414767e-02 2.414767e-02 2.414767e-02 2.414767e-02 2.414767e-02 2.414767e-02 2.414767e-02 2.414767e-02 2.414767e-02 2.414767e-02 2.414767e-02 2.414767e-02 2.414767e-02 2.414767e-02 2.414767e-02 2.414767e-02 2.414767e-02 2.414767e-02 2.414767e-02 2.414767e-02 2.414767e-02 2.414767e-02 2.414767e-02 2.414767e-02 2.414767e-02 2.414767e-02 2.414767e-02 2.414767e-02 2.416887e-02 2.421878e-02 2.431478e-02 2.447044e-02 2.469790e-02 2.500748e-02 2.540750e-02 2.590408e-02 2.650093e-02 2.719929e-02 2.799791e-02 2.889309e-02 2.987871e-02 3.094647e-02 3.208600e-02 3.328521e-02 3.453050e-02 3.580717e-02 3.709971e-02 3.839225e-02 3.966892e-02 4.091421e-02 4.211342e-02 4.325295e-02 4.432071e-02 4.530633e-02 4.620150e-02 4.700013e-02 4.769849e-02 4.829534e-02 4.879192e-02 4.919194e-02 4.950152e-02 4.972897e-02 4.988464e-02 4.998064e-02 5.003055e-02 5.004909e-02 5.005175e-02 5.005175e-02 
4.945756e-02 4.945756e-02 4.945491e-02 4.945225e-02 4.943371e-02 4.938380e-02 4.928780e-02 4.913213e-02 4.890468e-02 4.859510e-02 4.819507e-02 4.769849e-02 4.710165e-02 4.640329e-02 4.560466e-02 4.470949e-02 4.372386e-02 4.265611e-02 4.151657e-02 4.031737e-02 3.907207e-02 3.779541e-02 3.650286e-02 3.521032e-02 3.393366e-02 3.268836e-02 3.148916e-02 3.034962e-02 2.928187e-02 2.829624e-02 2.740107e-02 2.660244e-02 2.590408e-02 2.530724e-02 2.481066e-02 2.441063e-02 2.410105e-02 2.387360e-02 2.371793e-02 2.362194e-02 2.357202e-02 2.355083e-02 2.355083e-02 2.355083e-02 2.355083e-02 2.355083e-02 2.355083e-02 2.355083e-02 2.355083e-02 2.355083e-02 2.355083e-02 2.355083e-02 2.355083e-02 2.355083e-02 2.355083e-02 2.355083e-02 2.355083e-02 2.355083e-02 2.355083e-02 2.355083e-02 2.355083e-02 2.355083e-02 2.355083e-02 2.355083e-02 2.355083e-02 2.355083e-02 2.355083e-02 2.355083e-02 2.355083e-02 2.355083e-02 2.355083e-02 2.355083e-02 2.355083e-02 2.355083e-02 2.355083e-02 2.355083e-02 2.355083e-02 2.355083e-02 2.355083e-02 2.355083e-02 2.355083e-02 2.355083e-02 2.355083e-02 2.355083e-02 2.355083e-02 2.355083e-02 2.355083e-02 2.355083e-02 2.355083e-02 2.355083e-02 2.355083e-02 2.355083e-02 2.355083e-02 2.355083e-02 2.355083e-02 2.355083e-02 2.355083e-02 2.355083e-02 2.355083e-02 2.355083e-02 2.355083e-02 2.355083e-02 2.355083e-02 2.355083e-02 2.355083e-02 2.355083e-02 2.355083e-02 2.355083e-02 2.355083e-02 2.355083e-02 2.355083e-02 2.355083e-02 2.355083e-02 2.355083e-02 2.355083e-02 2.355083e-02 2.355083e-02 2.355083e-02 2.355083e-02 2.355083e-02 2.355083e-02 2.355083e-02 2.355083e-02 2.355083e-02 2.355083e-02 2.355083e-02 2.355083e-02 2.355083e-02 2.355083e-02 2.355083e-02 2.355083e-02 2.355083e-02 2.355083e-02 2.355083e-02 2.355083e-02 2.355083e-02 2.355083e-02 2.355083e-02 2.355083e-02 2.355083e-02 2.355083e-02 2.355083e-02 2.355083e-02 2.357202e-02 2.362194e-02 2.371793e-02 2.387360e-02 2.410105e-02 2.441063e-02 2.481066e-02 2.530724e-02 2.590408e-02 2.660244e-02 2.740107e-02 2.829624e-02 2.928187e-02 3.034962e-02 3.148916e-02 3.268836e-02 3.393366e-02 3.521032e-02 3.650286e-02 3.779541e-02 3.907207e-02 4.031737e-02 4.151657e-02 4.265611e-02 4.372386e-02 4.470949e-02 4.560466e-02 4.640329e-02 4.710165e-02 4.769849e-02 4.819507e-02 4.859510e-02 4.890468e-02 4.913213e-02 4.928780e-02 4.938380e-02 4.943371e-02 4.945225e-02 4.945491e-02 4.945491e-02 
4.875921e-02 4.875921e-02 4.875655e-02 4.875389e-02 4.873535e-02 4.868544e-02 4.858944e-02 4.843377e-02 4.820632e-02 4.789674e-02 4.749671e-02 4.700013e-02 4.640329e-02 4.570493e-02 4.490630e-02 4.401113e-02 4.302550e-02 4.195775e-02 4.081821e-02 3.961901e-02 3.837371e-02 3.709705e-02 3.580451e-02 3.451196e-02 3.323530e-02 3.199000e-02 3.079080e-02 2.965126e-02 2.858351e-02 2.759788e-02 2.670271e-02 2.590408e-02 2.520572e-02 2.460888e-02 2.411230e-02 2.371227e-02 2.340269e-02 2.317524e-02 2.301957e-02 2.292358e-02 2.287366e-02 2.285246e-02 2.285246e-02 2.285246e-02 2.285246e-02 2.285246e-02 2.285246e-02 2.285246e-02 2.285246e-02 2.285246e-02 2.285246e-02 2.285246e-02 2.285246e-02 2.285246e-02 2.285246e-02 2.285246e-02 2.285246e-02 2.285246e-02 2.285246e-02 2.285246e-02 2.285246e-02 2.285246e-02 2.285246e-02 2.285246e-02 2.285246e-02 2.285246e-02 2.285246e-02 2.285246e-02 2.285246e-02 2.285246e-02 2.285246e-02 2.285246e-02 2.285246e-02 2.285246e-02 2.285246e-02 2.285246e-02 2.285246e-02 2.285246e-02 2.285246e-02 2.285246e-02 2.285246e-02 2.285246e-02 2.285246e-02 2.285246e-02 2.285246e-02 2.285246e-02 2.285246e-02 2.285246e-02 2.285246e-02 2.285246e-02 2.285246e-02 2.285246e-02 2.285246e-02 2.285246e-02 2.285246e-02 2.285246e-02 2.285246e-02 2.285246e-02 2.285246e-02 2.285246e-02 2.285246e-02 2.285246e-02 2.285246e-02 2.285246e-02 2.285246e-02 2.285246e-02 2.285246e-02 2.285246e-02 2.285246e-02 2.285246e-02 2.285246e-02 2.285246e-02 2.285246e-02 2.285246e-02 2.285246e-02 2.285246e-02 2.285246e-02 2.285246e-02 2.285246e-02 2.285246e-02 2.285246e-02 2.285246e-02 2.285246e-02 2.285246e-02 2.285246e-02 2.285246e-02 2.285246e-02 2.285246e-02 2.285246e-02 2.285246e-02 2.285246e-02 2.285246e-02 2.285246e-02 2.285246e-02 2.285246e-02 2.285246e-02 2.285246e-02 2.285246e-02 2.285246e-02 2.285246e-02 2.285246e-02 2.285246e-02 2.285246e-02 2.287366e-02 2.292358e-02 2.301957e-02 2.317524e-02 2.340269e-02 2.371227e-02 2.411230e-02 2.460888e-02 2.520572e-02 2.590408e-02 2.670271e-02 2.759788e-02 2.858351e-02 2.965126e-02 3.079080e-02 3.199000e-02 3.323530e-02 3.451196e-02 3.580451e-02 3.709705e-02 3.837371e-02 3.961901e-02 4.081821e-02 4.195775e-02 4.302550e-02 4.401113e-02 4.490630e-02 4.570493e-02 4.640329e-02 4.700013e-02 4.749671e-02 4.789674e-02 4.820632e-02 4.843377e-02 4.858944e-02 4.868544e-02 4.873535e-02 4.875389e-02 4.875655e-02 4.875655e-02 
4.796058e-02 4.796058e-02 4.795792e-02 4.795526e-02 4.793672e-02 4.788681e-02 4.779081e-02 4.763514e-02 4.740769e-02 4.709812e-02 4.669809e-02 4.620150e-02 4.560466e-02 4.490630e-02 4.410768e-02 4.321250e-02 4.222688e-02 4.115912e-02 4.001959e-02 3.882038e-02 3.757509e-02 3.629842e-02 3.500588e-02 3.371333e-02 3.243667e-02 3.119138e-02 2.999217e-02 2.885264e-02 2.778488e-02 2.679926e-02 2.590408e-02 2.510546e-02 2.440710e-02 2.381025e-02 2.331367e-02 2.291364e-02 2.260407e-02 2.237662e-02 2.222095e-02 2.212495e-02 2.207504e-02 2.205384e-02 2.205384e-02 2.205384e-02 2.205384e-02 2.205384e-02 2.205384e-02 2.205384e-02 2.205384e-02 2.205384e-02 2.205384e-02 2.205384e-02 2.205384e-02 2.205384e-02 2.205384e-02 2.205384e-02 2.205384e-02 2.205384e-02 2.205384e-02 2.205384e-02 2.205384e-02 2.205384e-02 2.205384e-02 2.205384e-02 2.205384e-02 2.205384e-02 2.205384e-02 2.205384e-02 2.205384e-02 2.205384e-02 2.205384e-02 2.205384e-02 2.205384e-02 2.205384e-02 2.205384e-02 2.205384e-02 2.205384e-02 2.205384e-02 2.205384e-02 2.205384e-02 2.205384e-02 2.205384e-02 2.205384e-02 2.205384e-02 2.205384e-02 2.205384e-02 2.205384e-02 2.205384e-02 2.205384e-02 2.205384e-02 2.205384e-02 2.205384e-02 2.205384e-02 2.205384e-02 2.205384e-02 2.205384e-02 2.205384e-02 2.205384e-02 2.205384e-02 2.205384e-02 2.205384e-02 2.205384e-02 2.205384e-02 2.205384e-02 2.205384e-02 2.205384e-02 2.205384e-02 2.205384e-02 2.205384e-02 2.205384e-02 2.205384e-02 2.205384e-02 2.205384e-02 2.205384e-02 2.205384e-02 2.205384e-02 2.205384e-02 2.205384e-02 2.205384e-02 2.205384e-02 2.205384e-02 2.205384e-02 2.205384e-02 2.205384e-02 2.205384e-02 2.205384e-02 2.205384e-02 2.205384e-02 2.205384e-02 2.205384e-02 2.205384e-02 2.205384e-02 2.205384e-02 2.205384e-02 2.205384e-02 2.205384e-02 2.205384e-02 2.205384e-02 2.205384e-02 2.205384e-02 2.205384e-02 2.205384e-02 2.205384e-02 2.207504e-02 2.212495e-02 2.222095e-02 2.237662e-02 2.260407e-02 2.291364e-02 2.331367e-02 2.381025e-02 2.440710e-02 2.510546e-02 2.590408e-02 2.679926e-02 2.778488e-02 2.885264e-02 2.999217e-02 3.119138e-02 3.243667e-02 3.371333e-02 3.500588e-02 3.629842e-02 3.757509e-02 3.882038e-02 4.001959e-02 4.115912e-02 4.222688e-02 4.321250e-02 4.410768e-02 4.490630e-02 4.560466e-02 4.620150e-02 4.669809e-02 4.709812e-02 4.740769e-02 4.763514e-02 4.779081e-02 4.788681e-02 4.793672e-02 4.795526e-02 4.795792e-02 4.795792e-02 
4.706541e-02 4.706541e-02 4.706275e-02 4.706009e-02 4.704155e-02 4.699164e-02 4.689564e-02 4.673997e-02 4.651252e-02 4.620294e-02 4.580291e-02 4.530633e-02 4.470949e-02 4.401113e-02 4.321250e-02 4.231733e-02 4.133170e-02 4.026395e-02 3.912441e-02 3.792521e-02 3.667991e-02 3.540325e-02 3.411071e-02 3.281816e-02 3.154150e-02 3.029620e-02 2.909700e-02 2.795746e-02 2.688971e-02 2.590408e-02 2.500891e-02 2.421028e-02 2.351192e-02 2.291508e-02 2.241850e-02 2.201847e-02 2.170889e-02 2.148144e-02 2.132577e-02 2.122978e-02 2.117986e-02 2.115866e-02 2.115866e-02 2.115866e-02 2.115866e-02 2.115866e-02 2.115866e-02 2.115866e-02 2.115866e-02 2.115866e-02 2.115866e-02 2.115866e-02 2.115866e-02 2.115866e-02 2.115866e-02 2.115866e-02 2.115866e-02 2.115866e-02 2.115866e-02 2.115866e-02 2.115866e-02 2.115866e-02 2.115866e-02 2.115866e-02 2.115866e-02 2.115866e-02 2.115866e-02 2.115866e-02 2.115866e-02 2.115866e-02 2.115866e-02 2.115866e-02 2.115866e-02 2.115866e-02 2.115866e-02 2.115866e-02 2.115866e-02 2.115866e-02 2.115866e-02 2.115866e-02 2.115866e-02 2.115866e-02 2.115866e-02 2.115866e-02 2.115866e-02 2.115866e-02 2.115866e-02 2.115866e-02 2.115866e-02 2.115866e-02 2.115866e-02 2.115866e-02 2.115866e-02 2.115866e-02 2.115866e-02 2.115866e-02 2.115866e-02 2.115866e-02 2.115866e-02 2.115866e-02 2.115866e-02 2.115866e-02 2.115866e-02 2.115866e-02 2.115866e-02 2.115866e-02 2.115866e-02 2.115866e-02 2.115866e-02 2.115866e-02 2.115866e-02 2.115866e-02 2.115866e-02 2.115866e-02 2.115866e-02 2.115866e-02 2.115866e-02 2.115866e-02 2.115866e-02 2.115866e-02 2.115866e-02 2.115866e-02 2.115866e-02 2.115866e-02 2.115866e-02 2.115866e-02 2.115866e-02 2.115866e-02 2.115866e-02 2.115866e-02 2.115866e-02 2.115866e-02 2.115866e-02 2.115866e-02 2.115866e-02 2.115866e-02 2.115866e-02 2.115866e-02 2.115866e-02 2.115866e-02 2.115866e-02 2.115866e-02 2.115866e-02 2.117986e-02 2.122978e-02 2.132577e-02 2.148144e-02 2.170889e-02 2.201847e-02 2.241850e-02 2.291508e-02 2.351192e-02 2.421028e-02 2.500891e-02 2.590408e-02 2.688971e-02 2.795746e-02 2.909700e-02 3.029620e-02 3.154150e-02 3.281816e-02 3.411071e-02 3.540325e-02 3.667991e-02 3.792521e-02 3.912441e-02 4.026395e-02 4.133170e-02 4.231733e-02 4.321250e-02 4.401113e-02 4.470949e-02 4.530633e-02 4.580291e-02 4.620294e-02 4.651252e-02 4.673997e-02 4.689564e-02 4.699164e-02 4.704155e-02 4.706009e-02 4.706275e-02 4.706275e-02 
